chr4	189340299	189340300	100.000000	1	0
chr4	189340336	189340337	100.000000	1	0
chr4	189340832	189340833	50.000000	1	1
chr4	189340896	189340897	0.000000	0	1
chr4	189340912	189340913	100.000000	1	0
chr4	189340971	189340972	100.000000	1	0
chr4	189342144	189342145	0.000000	0	1
chr4	189342513	189342514	100.000000	1	0
chr4	189343252	189343253	50.000000	1	1
chr4	189343360	189343361	0.000000	0	1
chr4	189344003	189344004	100.000000	1	0
chr4	189344038	189344039	100.000000	1	0
chr4	189344250	189344251	50.000000	1	1
chr4	189344269	189344270	50.000000	1	1
chr4	189344326	189344327	100.000000	2	0
chr4	189344343	189344344	100.000000	3	0
chr4	189344426	189344427	100.000000	1	0
chr4	189344537	189344538	50.000000	1	1
chr4	189344662	189344663	100.000000	1	0
chr4	189344696	189344697	100.000000	2	0
chr4	189344740	189344741	50.000000	1	1
chr4	189344742	189344743	0.000000	0	2
chr4	189344782	189344783	100.000000	1	0
chr4	189347041	189347042	0.000000	0	1
chr4	189347698	189347699	100.000000	1	0
chr4	189347785	189347786	100.000000	1	0
chr4	189347887	189347888	100.000000	2	0
chr4	189348021	189348022	100.000000	1	0
chr4	189348028	189348029	0.000000	0	1
chr4	189348116	189348117	100.000000	2	0
chr4	189351594	189351595	100.000000	1	0
chr4	189351606	189351607	100.000000	1	0
chr4	189351668	189351669	100.000000	1	0
chr4	189351824	189351825	100.000000	1	0
chr4	189351839	189351840	100.000000	1	0
chr4	189353453	189353454	100.000000	1	0
chr4	189353701	189353702	50.000000	1	1
chr4	189353725	189353726	100.000000	2	0
chr4	189353791	189353792	100.000000	2	0
chr4	189354362	189354363	100.000000	1	0
chr4	189354526	189354527	100.000000	1	0
chr4	189354563	189354564	100.000000	1	0
chr4	189354605	189354606	100.000000	1	0
chr4	189354638	189354639	100.000000	2	0
chr4	189354656	189354657	100.000000	2	0
chr4	189354667	189354668	100.000000	2	0
chr4	189354725	189354726	100.000000	1	0
chr4	189354773	189354774	50.000000	1	1
chr4	189354816	189354817	75.000000	3	1
chr4	189354891	189354892	100.000000	2	0
chr4	189354899	189354900	50.000000	1	1
chr4	189355103	189355104	100.000000	1	0
chr4	189355406	189355407	100.000000	1	0
chr4	189355445	189355446	100.000000	1	0
chr4	189355471	189355472	0.000000	0	1
chr4	189355522	189355523	100.000000	1	0
chr4	189355531	189355532	100.000000	1	0
chr4	189355546	189355547	100.000000	1	0
chr4	189355561	189355562	100.000000	1	0
chr4	189355596	189355597	100.000000	2	0
chr4	189355625	189355626	100.000000	1	0
chr4	189355691	189355692	100.000000	4	0
chr4	189355695	189355696	100.000000	4	0
chr4	189355710	189355711	20.000000	1	4
chr4	189355718	189355719	100.000000	5	0
chr4	189355726	189355727	100.000000	5	0
chr4	189355738	189355739	100.000000	5	0
chr4	189355741	189355742	100.000000	5	0
chr4	189355758	189355759	100.000000	4	0
chr4	189355773	189355774	100.000000	3	0
chr4	189355782	189355783	100.000000	2	0
chr4	189355789	189355790	50.000000	1	1
chr4	189355801	189355802	100.000000	2	0
chr4	189355804	189355805	100.000000	2	0
chr4	189355811	189355812	100.000000	2	0
chr4	189355819	189355820	100.000000	1	0
chr4	189355827	189355828	100.000000	1	0
chr4	189355867	189355868	100.000000	2	0
chr4	189355874	189355875	100.000000	2	0
chr4	189355890	189355891	100.000000	2	0
chr4	189355897	189355898	100.000000	1	0
chr4	189355922	189355923	100.000000	2	0
chr4	189355931	189355932	100.000000	2	0
chr4	189355939	189355940	0.000000	0	1
chr4	189355945	189355946	100.000000	1	0
chr4	189355983	189355984	100.000000	4	0
chr4	189355999	189356000	100.000000	3	0
chr4	189356015	189356016	100.000000	3	0
chr4	189356190	189356191	100.000000	1	0
chr4	189356388	189356389	100.000000	1	0
chr4	189356402	189356403	100.000000	2	0
chr4	189356414	189356415	100.000000	1	0
chr4	189356433	189356434	100.000000	1	0
chr4	189356486	189356487	100.000000	1	0
chr4	189356542	189356543	100.000000	1	0
chr4	189359227	189359228	100.000000	2	0
chr4	189359362	189359363	100.000000	1	0
chr4	189359600	189359601	100.000000	1	0
chr4	189359709	189359710	100.000000	1	0
chr4	189359721	189359722	100.000000	1	0
chr4	189359837	189359838	100.000000	1	0
chr4	189359843	189359844	100.000000	2	0
chr4	189359899	189359900	100.000000	2	0
chr4	189359919	189359920	50.000000	1	1
chr4	189360518	189360519	100.000000	1	0
chr4	189360560	189360561	100.000000	1	0
chr4	189360638	189360639	100.000000	1	0
chr4	189360682	189360683	100.000000	1	0
chr4	189360867	189360868	100.000000	1	0
chr4	189360882	189360883	100.000000	1	0
chr4	189360991	189360992	100.000000	2	0
chr4	189361063	189361064	100.000000	3	0
chr4	189361394	189361395	100.000000	3	0
chr4	189363924	189363925	0.000000	0	1
chr4	189363934	189363935	100.000000	1	0
chr4	189363944	189363945	100.000000	1	0
chr4	189363946	189363947	100.000000	1	0
chr4	189363954	189363955	100.000000	1	0
chr4	189363979	189363980	100.000000	1	0
chr4	189363989	189363990	100.000000	1	0
chr4	189481094	189481095	100.000000	1	0
chr4	189481113	189481114	100.000000	1	0
chr4	189481131	189481132	0.000000	0	1
chr4	189491642	189491643	100.000000	1	0
chr4	189491702	189491703	100.000000	1	0
chr4	189491882	189491883	100.000000	1	0
chr4	189496403	189496404	100.000000	1	0
chr4	189496436	189496437	100.000000	1	0
chr4	189496440	189496441	100.000000	1	0
chr4	189496453	189496454	100.000000	1	0
chr4	189496486	189496487	100.000000	1	0
chr4	189496502	189496503	100.000000	1	0
chr4	189496535	189496536	100.000000	1	0
chr4	189496539	189496540	100.000000	1	0
chr4	189496552	189496553	100.000000	1	0
chr4	189513066	189513067	100.000000	1	0
chr4	189513074	189513075	100.000000	1	0
chr4	189513096	189513097	100.000000	1	0
chr4	189513123	189513124	100.000000	1	0
chr4	189513135	189513136	0.000000	0	1
chr4	189513146	189513147	100.000000	1	0
chr4	189513156	189513157	100.000000	1	0
chr4	189514117	189514118	100.000000	2	0
chr4	189514140	189514141	100.000000	3	0
chr4	189514177	189514178	100.000000	3	0
chr4	189553152	189553153	0.000000	0	1
chr4	189553228	189553229	0.000000	0	1
chr4	189553234	189553235	0.000000	0	1
chr4	189554933	189554934	100.000000	1	0
chr4	189554951	189554952	100.000000	1	0
chr4	189554985	189554986	100.000000	1	0
chr4	189555036	189555037	100.000000	1	0
chr4	189555063	189555064	100.000000	1	0
chr4	189557711	189557712	100.000000	1	0
chr4	189557795	189557796	100.000000	1	0
chr4	189558166	189558167	100.000000	1	0
chr4	189558261	189558262	100.000000	1	0
chr4	189560626	189560627	100.000000	1	0
chr4	189560645	189560646	100.000000	1	0
chr4	189560671	189560672	0.000000	0	1
chr4	189560714	189560715	100.000000	1	0
chr4	189568051	189568052	100.000000	1	0
chr4	189569160	189569161	100.000000	1	0
chr4	189569167	189569168	100.000000	1	0
chr4	189572300	189572301	50.000000	1	1
chr4	189572381	189572382	50.000000	1	1
chr4	189572441	189572442	100.000000	1	0
chr4	189572541	189572542	100.000000	1	0
chr4	189573819	189573820	100.000000	1	0
chr4	189584150	189584151	100.000000	1	0
chr4	189584181	189584182	100.000000	1	0
chr4	189584203	189584204	100.000000	1	0
chr4	189584275	189584276	100.000000	1	0
chr4	189586596	189586597	100.000000	1	0
chr4	189590749	189590750	100.000000	1	0
chr4	189590878	189590879	100.000000	1	0
chr4	189591655	189591656	0.000000	0	1
chr4	189613189	189613190	100.000000	1	0
chr4	189613212	189613213	100.000000	1	0
chr4	189613412	189613413	0.000000	0	1
chr4	189613425	189613426	100.000000	1	0
chr4	189615443	189615444	100.000000	1	0
chr4	189616878	189616879	100.000000	1	0
chr4	189616886	189616887	100.000000	1	0
chr4	189616914	189616915	0.000000	0	1
chr4	189616927	189616928	100.000000	1	0
chr4	189616936	189616937	0.000000	0	1
chr4	189617158	189617159	100.000000	1	0
chr4	189617168	189617169	100.000000	1	0
chr4	189617172	189617173	100.000000	1	0
chr4	189617196	189617197	100.000000	1	0
chr4	189626706	189626707	100.000000	1	0
chr4	189626742	189626743	100.000000	1	0
chr4	189626835	189626836	100.000000	1	0
chr4	189627613	189627614	100.000000	2	0
chr4	189627618	189627619	100.000000	3	0
chr4	189627674	189627675	100.000000	3	0
chr4	189627715	189627716	100.000000	3	0
chr4	189627761	189627762	100.000000	1	0
chr4	189627771	189627772	100.000000	1	0
chr4	189628291	189628292	100.000000	1	0
chr4	189628293	189628294	100.000000	1	0
chr4	189628761	189628762	100.000000	1	0
chr4	189630801	189630802	100.000000	1	0
chr4	189630818	189630819	100.000000	1	0
chr4	189630830	189630831	100.000000	1	0
chr4	189631989	189631990	100.000000	1	0
chr4	189632014	189632015	100.000000	1	0
chr4	189632025	189632026	100.000000	1	0
chr4	189632165	189632166	100.000000	1	0
chr4	189637974	189637975	100.000000	1	0
chr4	189638477	189638478	100.000000	1	0
chr4	189638479	189638480	100.000000	1	0
chr4	189638486	189638487	100.000000	1	0
chr4	189641006	189641007	100.000000	2	0
chr4	189642078	189642079	100.000000	1	0
chr4	189642084	189642085	100.000000	1	0
chr4	189642088	189642089	100.000000	1	0
chr4	189642092	189642093	100.000000	1	0
chr4	189642094	189642095	100.000000	1	0
chr4	189642104	189642105	100.000000	1	0
chr4	189642132	189642133	100.000000	1	0
chr4	189642137	189642138	100.000000	1	0
chr4	189642141	189642142	100.000000	1	0
chr4	189642162	189642163	100.000000	1	0
chr4	189642182	189642183	100.000000	1	0
chr4	189642222	189642223	100.000000	2	0
chr4	189642238	189642239	100.000000	2	0
chr4	189642258	189642259	100.000000	1	0
chr4	189642280	189642281	100.000000	1	0
chr4	189642288	189642289	100.000000	1	0
chr4	189642444	189642445	100.000000	1	0
chr4	189644760	189644761	100.000000	1	0
chr4	189644782	189644783	100.000000	1	0
chr4	189644954	189644955	100.000000	1	0
chr4	189644979	189644980	100.000000	1	0
chr4	189644987	189644988	100.000000	1	0
chr4	189645021	189645022	100.000000	1	0
chr4	189645037	189645038	100.000000	1	0
chr4	189645298	189645299	100.000000	1	0
chr4	189645372	189645373	100.000000	1	0
chr4	189645396	189645397	100.000000	1	0
chr4	189645408	189645409	100.000000	1	0
chr4	189645413	189645414	100.000000	1	0
chr4	189645468	189645469	0.000000	0	1
chr4	189645474	189645475	100.000000	1	0
chr4	189645480	189645481	100.000000	1	0
chr4	189645485	189645486	100.000000	1	0
chr4	189645504	189645505	100.000000	1	0
chr4	189645510	189645511	100.000000	1	0
chr4	189645516	189645517	100.000000	1	0
chr4	189645518	189645519	100.000000	1	0
chr4	189645521	189645522	100.000000	1	0
chr4	189645546	189645547	100.000000	2	0
chr4	189645552	189645553	100.000000	2	0
chr4	189645554	189645555	100.000000	2	0
chr4	189645557	189645558	50.000000	1	1
chr4	189645576	189645577	100.000000	1	0
chr4	189645582	189645583	100.000000	1	0
chr4	189645588	189645589	100.000000	1	0
chr4	189645593	189645594	100.000000	1	0
chr4	189645612	189645613	100.000000	1	0
chr4	189645618	189645619	100.000000	1	0
chr4	189645624	189645625	100.000000	1	0
chr4	189645626	189645627	100.000000	1	0
chr4	189645629	189645630	100.000000	1	0
chr4	189645684	189645685	100.000000	1	0
chr4	189645690	189645691	100.000000	2	0
chr4	189645696	189645697	100.000000	2	0
chr4	189645698	189645699	100.000000	2	0
chr4	189645701	189645702	100.000000	2	0
chr4	189645720	189645721	100.000000	2	0
chr4	189645726	189645727	100.000000	2	0
chr4	189645732	189645733	100.000000	2	0
chr4	189645737	189645738	100.000000	2	0
chr4	189645756	189645757	100.000000	4	0
chr4	189645762	189645763	100.000000	4	0
chr4	189645768	189645769	100.000000	4	0
chr4	189645770	189645771	100.000000	4	0
chr4	189645773	189645774	100.000000	4	0
chr4	189645798	189645799	100.000000	3	0
chr4	189645804	189645805	100.000000	3	0
chr4	189645806	189645807	100.000000	3	0
chr4	189645809	189645810	100.000000	3	0
chr4	189645828	189645829	100.000000	3	0
chr4	189645834	189645835	100.000000	3	0
chr4	189645840	189645841	100.000000	3	0
chr4	189645842	189645843	100.000000	3	0
chr4	189645845	189645846	100.000000	3	0
chr4	189645870	189645871	100.000000	1	0
chr4	189645876	189645877	100.000000	1	0
chr4	189645878	189645879	100.000000	1	0
chr4	189645881	189645882	100.000000	1	0
chr4	189645914	189645915	100.000000	1	0
chr4	189645917	189645918	100.000000	1	0
chr4	189645936	189645937	100.000000	4	0
chr4	189645942	189645943	100.000000	4	0
chr4	189645948	189645949	100.000000	4	0
chr4	189645950	189645951	100.000000	4	0
chr4	189645953	189645954	75.000000	3	1
chr4	189645978	189645979	100.000000	5	0
chr4	189645984	189645985	83.333333	5	1
chr4	189645986	189645987	100.000000	6	0
chr4	189645989	189645990	100.000000	6	0
chr4	189646008	189646009	100.000000	6	0
chr4	189646014	189646015	83.333333	5	1
chr4	189646025	189646026	100.000000	4	0
chr4	189646044	189646045	100.000000	5	0
chr4	189646050	189646051	100.000000	7	0
chr4	189646056	189646057	75.000000	3	1
chr4	189646058	189646059	100.000000	4	0
chr4	189646061	189646062	100.000000	4	0
chr4	189646080	189646081	100.000000	4	0
chr4	189646086	189646087	75.000000	3	1
chr4	189646092	189646093	75.000000	3	1
chr4	189646097	189646098	75.000000	3	1
chr4	189646116	189646117	100.000000	1	0
chr4	189646122	189646123	100.000000	1	0
chr4	189646128	189646129	100.000000	1	0
chr4	189646130	189646131	100.000000	1	0
chr4	189646133	189646134	100.000000	1	0
chr4	189646152	189646153	100.000000	1	0
chr4	189646158	189646159	100.000000	1	0
chr4	189646164	189646165	100.000000	1	0
chr4	189646166	189646167	100.000000	1	0
chr4	189646169	189646170	100.000000	1	0
chr4	189646188	189646189	100.000000	2	0
chr4	189646200	189646201	100.000000	2	0
chr4	189646205	189646206	50.000000	1	1
chr4	189646230	189646231	100.000000	4	0
chr4	189646236	189646237	100.000000	4	0
chr4	189646241	189646242	100.000000	4	0
chr4	189646260	189646261	100.000000	5	0
chr4	189646266	189646267	100.000000	6	0
chr4	189646272	189646273	100.000000	6	0
chr4	189646277	189646278	100.000000	6	0
chr4	189646303	189646304	100.000000	5	0
chr4	189646308	189646309	100.000000	3	0
chr4	189646310	189646311	100.000000	3	0
chr4	189646313	189646314	100.000000	3	0
chr4	189646338	189646339	100.000000	2	0
chr4	189646344	189646345	100.000000	2	0
chr4	189646346	189646347	50.000000	1	1
chr4	189646349	189646350	100.000000	2	0
chr4	189646368	189646369	100.000000	3	0
chr4	189646380	189646381	100.000000	4	0
chr4	189646385	189646386	100.000000	4	0
chr4	189646410	189646411	100.000000	4	0
chr4	189646416	189646417	100.000000	4	0
chr4	189646421	189646422	100.000000	4	0
chr4	189646440	189646441	100.000000	4	0
chr4	189646452	189646453	100.000000	4	0
chr4	189646454	189646455	100.000000	4	0
chr4	189646457	189646458	100.000000	4	0
chr4	189646483	189646484	100.000000	7	0
chr4	189646488	189646489	100.000000	6	0
chr4	189646490	189646491	100.000000	6	0
chr4	189646493	189646494	100.000000	6	0
chr4	189646518	189646519	75.000000	3	1
chr4	189646524	189646525	100.000000	3	0
chr4	189646526	189646527	100.000000	3	0
chr4	189646529	189646530	100.000000	3	0
chr4	189646561	189646562	100.000000	2	0
chr4	189646564	189646565	100.000000	2	0
chr4	189646567	189646568	100.000000	2	0
chr4	189648290	189648291	100.000000	1	0
chr4	189648312	189648313	100.000000	1	0
chr4	189648331	189648332	100.000000	1	0
chr4	189648363	189648364	100.000000	1	0
chr4	189651535	189651536	100.000000	1	0
chr4	189651588	189651589	50.000000	1	1
chr4	189651630	189651631	100.000000	3	0
chr4	189651676	189651677	100.000000	1	0
chr4	189651762	189651763	100.000000	1	0
chr4	189651850	189651851	100.000000	1	0
chr4	189651894	189651895	100.000000	1	0
chr4	189651938	189651939	100.000000	3	0
chr4	189651984	189651985	100.000000	3	0
chr4	189652070	189652071	100.000000	1	0
chr4	189652114	189652115	100.000000	1	0
chr4	189652160	189652161	0.000000	0	1
chr4	189652202	189652203	100.000000	2	0
chr4	189652291	189652292	100.000000	2	0
chr4	189652423	189652424	100.000000	2	0
chr4	189652468	189652469	100.000000	2	0
chr4	189652513	189652514	100.000000	1	0
chr4	189653375	189653376	100.000000	1	0
chr4	189654166	189654167	100.000000	1	0
chr4	189654248	189654249	50.000000	1	1
chr4	189654366	189654367	100.000000	2	0
chr4	189654401	189654402	100.000000	1	0
chr4	189654405	189654406	100.000000	1	0
chr4	189658454	189658455	0.000000	0	1
chr4	189658677	189658678	0.000000	0	1
chr4	189662101	189662102	100.000000	1	0
chr4	189662138	189662139	100.000000	2	0
chr4	189662143	189662144	50.000000	1	1
chr4	189662187	189662188	50.000000	1	1
chr4	189662407	189662408	100.000000	1	0
chr4	189664347	189664348	0.000000	0	1
chr4	189664377	189664378	0.000000	0	1
chr4	189666289	189666290	100.000000	1	0
chr4	189666307	189666308	100.000000	1	0
chr4	189666344	189666345	100.000000	1	0
chr4	189666385	189666386	100.000000	1	0
chr4	189810665	189810666	100.000000	1	0
chr4	189810669	189810670	0.000000	0	1
chr4	189810677	189810678	0.000000	0	1
chr4	189810679	189810680	0.000000	0	1
chr4	189810687	189810688	0.000000	0	1
chr4	189810698	189810699	100.000000	1	0
chr4	189810702	189810703	0.000000	0	1
chr4	189810731	189810732	100.000000	2	0
chr4	189810735	189810736	50.000000	1	1
chr4	189810743	189810744	0.000000	0	2
chr4	189810745	189810746	0.000000	0	2
chr4	189810753	189810754	100.000000	3	0
chr4	189810764	189810765	66.666667	2	1
chr4	189810768	189810769	100.000000	3	0
chr4	189810776	189810777	0.000000	0	3
chr4	189810778	189810779	33.333333	1	2
chr4	189810786	189810787	50.000000	2	2
chr4	189810797	189810798	75.000000	3	1
chr4	189810801	189810802	75.000000	3	1
chr4	189810811	189810812	50.000000	2	2
chr4	189810819	189810820	75.000000	3	1
chr4	189810830	189810831	75.000000	3	1
chr4	189810834	189810835	50.000000	2	2
chr4	189810842	189810843	75.000000	3	1
chr4	189810844	189810845	75.000000	3	1
chr4	189810852	189810853	50.000000	2	2
chr4	189810863	189810864	40.000000	2	3
chr4	189810867	189810868	60.000000	3	2
chr4	189810875	189810876	40.000000	2	3
chr4	189810877	189810878	80.000000	4	1
chr4	189810885	189810886	0.000000	0	2
chr4	189810896	189810897	50.000000	1	1
chr4	189810900	189810901	0.000000	0	2
chr4	189810910	189810911	100.000000	1	0
chr4	189820328	189820329	100.000000	1	0
chr4	189820385	189820386	100.000000	1	0
chr4	189820442	189820443	100.000000	1	0
chr4	189820499	189820500	100.000000	1	0
chr4	189820556	189820557	100.000000	1	0
chr4	189848703	189848704	0.000000	0	1
chr4	189881304	189881305	100.000000	1	0
chr4	189881314	189881315	100.000000	1	0
chr4	189881347	189881348	100.000000	1	0
chr4	189881357	189881358	100.000000	1	0
chr4	189881390	189881391	100.000000	1	0
chr4	189881400	189881401	100.000000	1	0
chr4	189881433	189881434	100.000000	1	0
chr4	189881443	189881444	0.000000	0	1
chr4	189881476	189881477	100.000000	1	0
chr4	189927257	189927258	100.000000	1	0
chr4	189927318	189927319	100.000000	1	0
chr4	190040915	190040916	100.000000	1	0
chr4	190040957	190040958	100.000000	1	0
chr4	190040964	190040965	100.000000	1	0
chr4	190040972	190040973	100.000000	1	0
chr4	190040984	190040985	100.000000	1	0
chr4	190040992	190040993	100.000000	1	0
chr4	190040999	190041000	100.000000	1	0
chr4	190041011	190041012	100.000000	1	0
chr4	190041017	190041018	100.000000	1	0
chr4	190041021	190041022	0.000000	0	1
chr4	190041026	190041027	100.000000	1	0
chr4	190041046	190041047	100.000000	2	0
chr4	190041049	190041050	100.000000	2	0
chr4	190041058	190041059	100.000000	2	0
chr4	190041060	190041061	100.000000	2	0
chr4	190041066	190041067	100.000000	1	0
chr4	190041081	190041082	100.000000	3	0
chr4	190041087	190041088	66.666667	2	1
chr4	190041094	190041095	100.000000	3	0
chr4	190041107	190041108	100.000000	3	0
chr4	190041115	190041116	66.666667	2	1
chr4	190041127	190041128	66.666667	2	1
chr4	190041130	190041131	100.000000	3	0
chr4	190041147	190041148	100.000000	3	0
chr4	190041155	190041156	100.000000	2	0
chr4	190041165	190041166	100.000000	2	0
chr4	190041167	190041168	100.000000	2	0
chr4	190041172	190041173	100.000000	2	0
chr4	190041186	190041187	100.000000	2	0
chr4	190041209	190041210	100.000000	1	0
chr4	190041211	190041212	100.000000	1	0
chr4	190041213	190041214	100.000000	1	0
chr4	190041219	190041220	100.000000	1	0
chr4	190041233	190041234	100.000000	1	0
chr4	190041236	190041237	0.000000	0	1
chr4	190041243	190041244	100.000000	1	0
chr4	190041248	190041249	100.000000	1	0
chr4	190041254	190041255	100.000000	1	0
chr4	190041256	190041257	100.000000	1	0
chr4	190041267	190041268	100.000000	1	0
chr4	190041273	190041274	100.000000	1	0
chr4	190041279	190041280	100.000000	1	0
chr4	190041289	190041290	100.000000	1	0
chr4	190041488	190041489	0.000000	0	1
chr4	190041500	190041501	0.000000	0	1
chr4	190041504	190041505	0.000000	0	1
chr4	190041526	190041527	0.000000	0	1
chr4	190041533	190041534	0.000000	0	1
chr4	190041579	190041580	0.000000	0	1
chr4	190044962	190044963	100.000000	1	0
chr4	190045144	190045145	100.000000	1	0
chr4	190046446	190046447	0.000000	0	3
chr4	190046514	190046515	100.000000	3	0
chr4	190046529	190046530	33.333333	1	2
chr4	190046581	190046582	0.000000	0	1
chr4	190047008	190047009	50.000000	1	1
chr4	190047039	190047040	0.000000	0	1
chr4	190047386	190047387	100.000000	1	0
chr4	190047396	190047397	100.000000	1	0
chr4	190047447	190047448	66.666667	2	1
chr4	190047464	190047465	0.000000	0	3
chr4	190047485	190047486	25.000000	1	3
chr4	190047503	190047504	0.000000	0	2
chr4	190048627	190048628	50.000000	1	1
chr4	190048655	190048656	100.000000	1	0
chr4	190049526	190049527	0.000000	0	1
chr4	190049557	190049558	0.000000	0	1
chr4	190049589	190049590	0.000000	0	1
chr4	190049594	190049595	0.000000	0	1
chr4	190050945	190050946	100.000000	1	0
chr4	190050962	190050963	100.000000	1	0
chr4	190052089	190052090	100.000000	1	0
chr4	190052093	190052094	100.000000	1	0
chr4	190052116	190052117	100.000000	1	0
chr4	190052135	190052136	100.000000	1	0
chr4	190052153	190052154	100.000000	1	0
chr4	190052165	190052166	100.000000	1	0
chr4	190052190	190052191	100.000000	1	0
chr4	190053291	190053292	100.000000	1	0
chr4	190054250	190054251	0.000000	0	1
chr4	190054296	190054297	100.000000	1	0
chr4	190054322	190054323	100.000000	1	0
chr4	190054329	190054330	0.000000	0	1
chr4	190055391	190055392	0.000000	0	1
chr4	190058728	190058729	0.000000	0	1
chr4	190058856	190058857	0.000000	0	1
chr4	190059185	190059186	100.000000	1	0
chr4	190059714	190059715	100.000000	1	0
chr4	190061621	190061622	100.000000	1	0
chr4	190061732	190061733	0.000000	0	1
chr4	190061814	190061815	0.000000	0	1
chr4	190061833	190061834	0.000000	0	1
chr4	190062281	190062282	50.000000	1	1
chr4	190062414	190062415	0.000000	0	1
chr4	190062917	190062918	100.000000	1	0
chr4	190062935	190062936	100.000000	1	0
chr4	190062949	190062950	100.000000	1	0
chr4	190065715	190065716	0.000000	0	1
chr4	190065727	190065728	0.000000	0	1
chr4	190065730	190065731	0.000000	0	1
chr4	190065752	190065753	0.000000	0	1
chr4	190065778	190065779	0.000000	0	1
chr4	190065784	190065785	0.000000	0	1
chr4	190065802	190065803	0.000000	0	1
chr4	190065820	190065821	0.000000	0	1
chr4	190065829	190065830	0.000000	0	1
chr4	190065847	190065848	50.000000	1	1
chr4	190065856	190065857	100.000000	2	0
chr4	190065861	190065862	100.000000	2	0
chr4	190065880	190065881	0.000000	0	1
chr4	190065893	190065894	100.000000	1	0
chr4	190065919	190065920	0.000000	0	2
chr4	190065921	190065922	100.000000	1	0
chr4	190065932	190065933	100.000000	1	0
chr4	190065938	190065939	100.000000	1	0
chr4	190065947	190065948	100.000000	1	0
chr4	190068461	190068462	0.000000	0	1
chr4	190068468	190068469	0.000000	0	1
chr4	190068474	190068475	100.000000	1	0
chr4	190068483	190068484	100.000000	1	0
chr4	190068486	190068487	0.000000	0	2
chr4	190068497	190068498	0.000000	0	2
chr4	190068507	190068508	50.000000	1	1
chr4	190068516	190068517	50.000000	1	1
chr4	190068525	190068526	0.000000	0	1
chr4	190068527	190068528	0.000000	0	1
chr4	190068555	190068556	0.000000	0	1
chr4	190068569	190068570	0.000000	0	1
chr4	190068576	190068577	0.000000	0	1
chr4	190082040	190082041	100.000000	1	0
chr4	190082057	190082058	0.000000	0	2
chr4	190082071	190082072	66.666667	2	1
chr4	190082079	190082080	75.000000	3	1
chr4	190082082	190082083	50.000000	2	2
chr4	190082098	190082099	25.000000	1	3
chr4	190082122	190082123	0.000000	0	4
chr4	190082124	190082125	50.000000	2	2
chr4	190082130	190082131	50.000000	2	2
chr4	190082134	190082135	75.000000	3	1
chr4	190082140	190082141	75.000000	3	1
chr4	190082142	190082143	66.666667	2	1
chr4	190082144	190082145	25.000000	1	3
chr4	190082169	190082170	66.666667	2	1
chr4	190082172	190082173	0.000000	0	3
chr4	190082184	190082185	0.000000	0	3
chr4	190082196	190082197	50.000000	1	1
chr4	190082199	190082200	0.000000	0	2
chr4	190082221	190082222	100.000000	1	0
chr4	190093504	190093505	0.000000	0	1
chr4	190093930	190093931	100.000000	2	0
chr4	190093968	190093969	50.000000	1	1
chr4	190096643	190096644	100.000000	1	0
chr4	190096884	190096885	100.000000	1	0
chr4	190096897	190096898	100.000000	1	0
chr4	190100371	190100372	0.000000	0	1
chr4	190100449	190100450	33.333333	1	2
chr4	190102510	190102511	100.000000	1	0
chr4	190102575	190102576	50.000000	1	1
chr4	190103182	190103183	50.000000	1	1
chr4	190103278	190103279	60.000000	3	2
chr4	190103424	190103425	100.000000	1	0
chr4	190103435	190103436	100.000000	1	0
chr4	190103453	190103454	100.000000	1	0
chr4	190104165	190104166	100.000000	1	0
chr4	190104250	190104251	100.000000	1	0
chr4	190105442	190105443	100.000000	1	0
chr4	190105446	190105447	100.000000	2	0
chr4	190106412	190106413	50.000000	1	1
chr4	190106521	190106522	40.000000	2	3
chr4	190106583	190106584	40.000000	2	3
chr4	190106639	190106640	20.000000	1	4
chr4	190106666	190106667	20.000000	1	4
chr4	190106722	190106723	44.444444	4	5
chr4	190106734	190106735	33.333333	3	6
chr4	190106863	190106864	50.000000	4	4
chr4	190106929	190106930	83.333333	5	1
chr4	190107374	190107375	50.000000	2	2
chr4	190107630	190107631	100.000000	1	0
chr4	190107863	190107864	100.000000	3	0
chr4	190108015	190108016	0.000000	0	1
chr4	190108691	190108692	100.000000	1	0
chr4	190108769	190108770	100.000000	2	0
chr4	190108852	190108853	80.000000	4	1
chr4	190109037	190109038	100.000000	1	0
chr4	190109042	190109043	100.000000	1	0
chr4	190109058	190109059	100.000000	1	0
chr4	190109075	190109076	100.000000	1	0
chr4	190109895	190109896	100.000000	1	0
chr4	190110512	190110513	100.000000	1	0
chr4	190110706	190110707	100.000000	2	0
chr4	190110808	190110809	100.000000	4	0
chr4	190110842	190110843	100.000000	2	0
chr4	190110988	190110989	100.000000	2	0
chr4	190111304	190111305	0.000000	0	3
chr4	190111386	190111387	0.000000	0	1
chr4	190111517	190111518	75.000000	3	1
chr4	190111610	190111611	100.000000	4	0
chr4	190111620	190111621	75.000000	3	1
chr4	190111707	190111708	0.000000	0	2
chr4	190111795	190111796	100.000000	4	0
chr4	190111806	190111807	100.000000	3	0
chr4	190111863	190111864	88.888889	8	1
chr4	190111969	190111970	66.666667	4	2
chr4	190111974	190111975	83.333333	5	1
chr4	190111978	190111979	80.000000	4	1
chr4	190111998	190111999	50.000000	2	2
chr4	190112022	190112023	100.000000	3	0
chr4	190112060	190112061	100.000000	1	0
chr4	190112084	190112085	100.000000	2	0
chr4	190112092	190112093	100.000000	6	0
chr4	190112282	190112283	50.000000	2	2
chr4	190112423	190112424	66.666667	2	1
chr4	190112436	190112437	66.666667	2	1
chr4	190112471	190112472	83.333333	5	1
chr4	190112582	190112583	50.000000	2	2
chr4	190112696	190112697	100.000000	1	0
chr4	190113006	190113007	0.000000	0	6
chr4	190113018	190113019	0.000000	0	6
chr4	190113213	190113214	50.000000	2	2
chr4	190113790	190113791	0.000000	0	1
chr4	190114177	190114178	0.000000	0	3
chr4	190114244	190114245	100.000000	1	0
chr4	190115060	190115061	100.000000	2	0
chr4	190115229	190115230	100.000000	3	0
chr4	190115803	190115804	100.000000	1	0
chr4	190116580	190116581	100.000000	1	0
chr4	190116926	190116927	100.000000	1	0
chr4	190116939	190116940	100.000000	1	0
chr4	190118191	190118192	100.000000	1	0
chr4	190118288	190118289	100.000000	1	0
chr4	190118440	190118441	50.000000	2	2
chr4	190118500	190118501	100.000000	4	0
chr4	190118530	190118531	0.000000	0	3
chr4	190118748	190118749	75.000000	3	1
chr4	190119664	190119665	100.000000	4	0
chr4	190119685	190119686	100.000000	4	0
chr4	190119737	190119738	50.000000	1	1
chr4	190120133	190120134	100.000000	2	0
chr4	190120138	190120139	100.000000	2	0
chr4	190120160	190120161	0.000000	0	1
chr4	190120172	190120173	100.000000	1	0
chr4	190120220	190120221	50.000000	1	1
chr4	190120244	190120245	50.000000	2	2
chr4	190120265	190120266	100.000000	5	0
chr4	190120298	190120299	100.000000	5	0
chr4	190120301	190120302	20.000000	1	4
chr4	190120462	190120463	100.000000	1	0
chr4	190120476	190120477	0.000000	0	1
chr4	190120570	190120571	100.000000	2	0
chr4	190120596	190120597	100.000000	4	0
chr4	190120600	190120601	60.000000	3	2
chr4	190120641	190120642	50.000000	3	3
chr4	190120658	190120659	60.000000	3	2
chr4	190120666	190120667	100.000000	4	0
chr4	190120696	190120697	60.000000	3	2
chr4	190120704	190120705	50.000000	2	2
chr4	190120720	190120721	100.000000	2	0
chr4	190120780	190120781	100.000000	1	0
chr4	190120791	190120792	100.000000	2	0
chr4	190120820	190120821	100.000000	1	0
chr4	190120824	190120825	0.000000	0	1
chr4	190120866	190120867	100.000000	1	0
chr4	190120878	190120879	100.000000	1	0
chr4	190120883	190120884	0.000000	0	1
chr4	190120892	190120893	0.000000	0	1
chr4	190120895	190120896	100.000000	1	0
chr4	190120899	190120900	100.000000	1	0
chr4	190120907	190120908	100.000000	1	0
chr4	190120913	190120914	100.000000	1	0
chr4	190120916	190120917	100.000000	1	0
chr4	190120918	190120919	100.000000	1	0
chr4	190121310	190121311	100.000000	1	0
chr4	190121313	190121314	100.000000	1	0
chr4	190121315	190121316	100.000000	1	0
chr4	190121321	190121322	100.000000	1	0
chr4	190121326	190121327	100.000000	1	0
chr4	190121329	190121330	0.000000	0	1
chr4	190121333	190121334	100.000000	1	0
chr4	190121341	190121342	100.000000	1	0
chr4	190121347	190121348	0.000000	0	1
chr4	190121350	190121351	100.000000	1	0
chr4	190121352	190121353	100.000000	1	0
chr4	190121358	190121359	100.000000	1	0
chr4	190121363	190121364	100.000000	1	0
chr4	190121366	190121367	100.000000	1	0
chr4	190121378	190121379	100.000000	1	0
chr4	190121384	190121385	100.000000	1	0
chr4	190121387	190121388	0.000000	0	1
chr4	190121389	190121390	100.000000	1	0
chr4	190121395	190121396	100.000000	1	0
chr4	190121452	190121453	100.000000	1	0
chr4	190121455	190121456	100.000000	1	0
chr4	190121457	190121458	0.000000	0	1
chr4	190121460	190121461	100.000000	1	0
chr4	190121463	190121464	100.000000	1	0
chr4	190121467	190121468	100.000000	1	0
chr4	190121481	190121482	100.000000	1	0
chr4	190121484	190121485	0.000000	0	1
chr4	190121486	190121487	100.000000	1	0
chr4	190121493	190121494	100.000000	2	0
chr4	190121499	190121500	100.000000	2	0
chr4	190121501	190121502	50.000000	1	1
chr4	190121504	190121505	100.000000	2	0
chr4	190121507	190121508	50.000000	1	1
chr4	190121519	190121520	0.000000	0	1
chr4	190121525	190121526	100.000000	1	0
chr4	190121530	190121531	0.000000	0	2
chr4	190121536	190121537	100.000000	4	0
chr4	190121548	190121549	100.000000	4	0
chr4	190121550	190121551	25.000000	1	3
chr4	190121565	190121566	50.000000	1	1
chr4	190121570	190121571	100.000000	3	0
chr4	190121573	190121574	66.666667	2	1
chr4	190121576	190121577	100.000000	3	0
chr4	190121578	190121579	100.000000	3	0
chr4	190121581	190121582	100.000000	3	0
chr4	190121584	190121585	33.333333	1	2
chr4	190121588	190121589	66.666667	2	1
chr4	190121596	190121597	100.000000	1	0
chr4	190121602	190121603	0.000000	0	1
chr4	190121605	190121606	0.000000	0	1
chr4	190121607	190121608	100.000000	1	0
chr4	190121610	190121611	100.000000	1	0
chr4	190121613	190121614	100.000000	1	0
chr4	190121617	190121618	100.000000	1	0
chr4	190121625	190121626	100.000000	1	0
chr4	190121631	190121632	100.000000	1	0
chr4	190121633	190121634	100.000000	1	0
chr4	190121636	190121637	100.000000	1	0
chr4	190121639	190121640	100.000000	1	0
chr4	190121642	190121643	100.000000	1	0
chr4	190121646	190121647	100.000000	1	0
chr4	190121654	190121655	100.000000	1	0
chr4	190121660	190121661	100.000000	1	0
chr4	190121663	190121664	0.000000	0	1
chr4	190121665	190121666	100.000000	1	0
chr4	190121668	190121669	100.000000	1	0
chr4	190121671	190121672	0.000000	0	1
chr4	190121675	190121676	100.000000	1	0
chr4	190121733	190121734	100.000000	1	0
chr4	190121741	190121742	100.000000	1	0
chr4	190121747	190121748	100.000000	1	0
chr4	190121750	190121751	100.000000	1	0
chr4	190121752	190121753	100.000000	1	0
chr4	190121755	190121756	100.000000	1	0
chr4	190121758	190121759	0.000000	0	1
chr4	190121762	190121763	100.000000	1	0
chr4	190121770	190121771	100.000000	1	0
chr4	190121776	190121777	100.000000	1	0
chr4	190121779	190121780	100.000000	1	0
chr4	190121781	190121782	0.000000	0	1
chr4	190121785	190121786	0.000000	0	1
chr4	190121791	190121792	100.000000	1	0
chr4	190121799	190121800	100.000000	1	0
chr4	190121805	190121806	100.000000	1	0
chr4	190121808	190121809	100.000000	1	0
chr4	190121810	190121811	100.000000	1	0
chr4	190121814	190121815	100.000000	1	0
chr4	190121820	190121821	100.000000	1	0
chr4	190121828	190121829	100.000000	1	0
chr4	190121840	190121841	60.000000	3	2
chr4	190121845	190121846	60.000000	3	2
chr4	190121852	190121853	60.000000	3	2
chr4	190121857	190121858	80.000000	4	1
chr4	190121859	190121860	60.000000	3	2
chr4	190121865	190121866	66.666667	4	2
chr4	190121877	190121878	83.333333	5	1
chr4	190121883	190121884	83.333333	5	1
chr4	190121886	190121887	100.000000	6	0
chr4	190121888	190121889	83.333333	5	1
chr4	190121898	190121899	100.000000	5	0
chr4	190121906	190121907	80.000000	4	1
chr4	190121912	190121913	57.142857	4	3
chr4	190121914	190121915	85.714286	6	1
chr4	190121930	190121931	25.000000	2	6
chr4	190121933	190121934	100.000000	8	0
chr4	190121935	190121936	62.500000	5	3
chr4	190121938	190121939	75.000000	6	2
chr4	190121941	190121942	100.000000	8	0
chr4	190121959	190121960	100.000000	7	0
chr4	190121962	190121963	14.285714	1	6
chr4	190121964	190121965	71.428571	5	2
chr4	190121969	190121970	0.000000	0	1
chr4	190121978	190121979	50.000000	3	3
chr4	190121983	190121984	60.000000	3	2
chr4	190121989	190121990	83.333333	5	1
chr4	190121993	190121994	100.000000	5	0
chr4	190122001	190122002	100.000000	4	0
chr4	190122010	190122011	40.000000	2	3
chr4	190122012	190122013	80.000000	4	1
chr4	190122023	190122024	100.000000	5	0
chr4	190122026	190122027	66.666667	2	1
chr4	190122029	190122030	75.000000	3	1
chr4	190122031	190122032	40.000000	2	3
chr4	190122034	190122035	80.000000	4	1
chr4	190122037	190122038	66.666667	4	2
chr4	190122041	190122042	66.666667	4	2
chr4	190122049	190122050	100.000000	6	0
chr4	190122055	190122056	60.000000	3	2
chr4	190122058	190122059	100.000000	5	0
chr4	190122060	190122061	100.000000	5	0
chr4	190122067	190122068	60.000000	3	2
chr4	190122072	190122073	100.000000	5	0
chr4	190122075	190122076	75.000000	3	1
chr4	190122080	190122081	100.000000	4	0
chr4	190122097	190122098	0.000000	0	3
chr4	190122104	190122105	100.000000	2	0
chr4	190122107	190122108	100.000000	2	0
chr4	190122109	190122110	50.000000	1	1
chr4	190122122	190122123	100.000000	2	0
chr4	190122124	190122125	100.000000	2	0
chr4	190122127	190122128	100.000000	2	0
chr4	190122130	190122131	100.000000	2	0
chr4	190122142	190122143	100.000000	1	0
chr4	190122148	190122149	100.000000	1	0
chr4	190122156	190122157	100.000000	1	0
chr4	190122159	190122160	100.000000	1	0
chr4	190122171	190122172	100.000000	1	0
chr4	190122202	190122203	100.000000	1	0
chr4	190122210	190122211	100.000000	1	0
chr4	190122222	190122223	100.000000	1	0
chr4	190122240	190122241	100.000000	1	0
chr4	190122242	190122243	100.000000	1	0
chr4	190122256	190122257	100.000000	1	0
chr4	190122277	190122278	100.000000	1	0
chr4	190122286	190122287	0.000000	0	1
chr4	190122288	190122289	100.000000	1	0
chr4	190122294	190122295	100.000000	1	0
chr4	190122320	190122321	0.000000	0	1
chr4	190122322	190122323	0.000000	0	1
chr4	190122332	190122333	100.000000	1	0
chr4	190122334	190122335	100.000000	1	0
chr4	190122348	190122349	100.000000	1	0
chr4	190122366	190122367	100.000000	1	0
chr4	190122412	190122413	0.000000	0	1
chr4	190122438	190122439	100.000000	1	0
chr4	190175160	190175161	0.000000	0	1
chr4	190175169	190175170	0.000000	0	1
chr4	190175202	190175203	0.000000	0	2
chr4	190175220	190175221	0.000000	0	1
chr4	190175222	190175223	0.000000	0	2
chr4	190175252	190175253	0.000000	0	1
chr4	190175267	190175268	0.000000	0	2
chr4	190175291	190175292	100.000000	2	0
chr4	190175300	190175301	0.000000	0	2
chr4	190175304	190175305	0.000000	0	1
chr4	190175306	190175307	0.000000	0	1
chr4	190175308	190175309	100.000000	1	0
chr4	190175316	190175317	100.000000	1	0
chr4	190175324	190175325	100.000000	1	0
chr4	190176590	190176591	0.000000	0	1
chr4	190179369	190179370	0.000000	0	1
chr4	190179687	190179688	100.000000	4	0
chr4	190192172	190192173	100.000000	1	0
chr4	190199504	190199505	100.000000	1	0
chr4	190203488	190203489	100.000000	1	0
chr4	190203492	190203493	100.000000	1	0
chr4	190203497	190203498	100.000000	1	0
chr4	190203526	190203527	0.000000	0	1
chr4	190203534	190203535	100.000000	1	0
chr4	190203537	190203538	100.000000	1	0
chr4	190203540	190203541	100.000000	1	0
chr4	190203546	190203547	100.000000	1	0
chr4	190203558	190203559	100.000000	1	0
chr4	190203560	190203561	100.000000	1	0
chr4	190203567	190203568	100.000000	1	0
chr4	190203569	190203570	100.000000	1	0
chr4	190203578	190203579	100.000000	1	0
chr4	190203580	190203581	100.000000	1	0
chr4	190203587	190203588	0.000000	0	1
chr4	190203591	190203592	100.000000	1	0
chr4	190203594	190203595	100.000000	1	0
chr4	190203597	190203598	0.000000	0	1
chr4	190203599	190203600	100.000000	1	0
chr4	190203601	190203602	100.000000	1	0
chr4	190203625	190203626	100.000000	1	0
chr4	190203642	190203643	100.000000	2	0
chr4	190203645	190203646	100.000000	2	0
chr4	190203649	190203650	100.000000	2	0
chr4	190203657	190203658	50.000000	1	1
chr4	190203663	190203664	100.000000	2	0
chr4	190203666	190203667	50.000000	1	1
chr4	190203668	190203669	0.000000	0	2
chr4	190203679	190203680	50.000000	1	1
chr4	190203683	190203684	50.000000	1	1
chr4	190203690	190203691	25.000000	1	3
chr4	190203704	190203705	71.428571	5	2
chr4	190203712	190203713	42.857143	3	4
chr4	190203715	190203716	100.000000	7	0
chr4	190203718	190203719	85.714286	6	1
chr4	190203722	190203723	28.571429	2	5
chr4	190203728	190203729	100.000000	7	0
chr4	190203735	190203736	100.000000	8	0
chr4	190203738	190203739	87.500000	7	1
chr4	190203740	190203741	50.000000	4	4
chr4	190203754	190203755	88.888889	8	1
chr4	190203757	190203758	55.555556	5	4
chr4	190203759	190203760	77.777778	7	2
chr4	190203769	190203770	88.888889	8	1
chr4	190203775	190203776	77.777778	7	2
chr4	190203778	190203779	77.777778	7	2
chr4	190203781	190203782	77.777778	7	2
chr4	190203783	190203784	77.777778	7	2
chr4	190203786	190203787	66.666667	6	3
chr4	190203788	190203789	66.666667	6	3
chr4	190203798	190203799	87.500000	7	1
chr4	190203804	190203805	75.000000	6	2
chr4	190203807	190203808	100.000000	9	0
chr4	190203810	190203811	62.500000	5	3
chr4	190203812	190203813	11.111111	1	8
chr4	190203815	190203816	88.888889	8	1
chr4	190203817	190203818	100.000000	9	0
chr4	190203827	190203828	100.000000	13	0
chr4	190203833	190203834	73.333333	11	4
chr4	190203836	190203837	80.000000	12	3
chr4	190203839	190203840	42.857143	6	8
chr4	190203844	190203845	50.000000	7	7
chr4	190203846	190203847	64.285714	9	5
chr4	190203856	190203857	100.000000	13	0
chr4	190203862	190203863	78.571429	11	3
chr4	190203865	190203866	86.666667	13	2
chr4	190203868	190203869	66.666667	10	5
chr4	190203873	190203874	56.250000	9	7
chr4	190203875	190203876	75.000000	12	4
chr4	190203885	190203886	100.000000	15	0
chr4	190203891	190203892	86.666667	13	2
chr4	190203894	190203895	92.857143	13	1
chr4	190203897	190203898	64.285714	9	5
chr4	190203902	190203903	35.714286	5	9
chr4	190203904	190203905	92.857143	13	1
chr4	190203914	190203915	92.307692	12	1
chr4	190203920	190203921	76.923077	10	3
chr4	190203923	190203924	100.000000	12	0
chr4	190203926	190203927	76.923077	10	3
chr4	190203931	190203932	76.923077	10	3
chr4	190203933	190203934	100.000000	13	0
chr4	190203943	190203944	80.000000	8	2
chr4	190203949	190203950	90.000000	9	1
chr4	190203952	190203953	90.000000	9	1
chr4	190203955	190203956	70.000000	7	3
chr4	190203960	190203961	88.888889	8	1
chr4	190203962	190203963	85.714286	6	1
chr4	190203972	190203973	100.000000	3	0
chr4	190203978	190203979	100.000000	3	0
chr4	190203981	190203982	100.000000	3	0
chr4	190203984	190203985	33.333333	1	2
chr4	190203986	190203987	66.666667	2	1
chr4	190203989	190203990	66.666667	2	1
chr4	190203997	190203998	100.000000	2	0
chr4	190204003	190204004	100.000000	2	0
chr4	190204011	190204012	100.000000	2	0
chr15	17000044	17000045	100.000000	1	0
chr15	17000602	17000603	100.000000	2	0
chr15	17000701	17000702	100.000000	3	0
chr15	17000831	17000832	100.000000	2	0
chr15	17000898	17000899	50.000000	1	1
chr15	17009159	17009160	100.000000	1	0
chr15	17014256	17014257	100.000000	1	0
chr15	17014324	17014325	100.000000	1	0
chr15	17014377	17014378	100.000000	1	0
chr15	17014381	17014382	100.000000	1	0
chr15	17014433	17014434	100.000000	1	0
chr15	17014442	17014443	100.000000	1	0
chr15	17014802	17014803	100.000000	1	0
chr15	17014864	17014865	50.000000	1	1
chr15	17015145	17015146	100.000000	1	0
chr15	17015267	17015268	0.000000	0	1
chr15	17016922	17016923	100.000000	1	0
chr15	17018028	17018029	0.000000	0	1
chr15	17018136	17018137	100.000000	1	0
chr15	17019235	17019236	100.000000	1	0
chr15	17019281	17019282	0.000000	0	1
chr15	17020090	17020091	100.000000	1	0
chr15	17020414	17020415	50.000000	1	1
chr15	17020474	17020475	50.000000	1	1
chr15	17020499	17020500	100.000000	2	0
chr15	17021655	17021656	0.000000	0	1
chr15	17021686	17021687	0.000000	0	1
chr15	17029947	17029948	100.000000	1	0
chr15	17029976	17029977	100.000000	1	0
chr15	17031027	17031028	100.000000	1	0
chr15	17033127	17033128	0.000000	0	1
chr15	17033185	17033186	0.000000	0	1
chr15	17034019	17034020	0.000000	0	1
chr15	17034490	17034491	100.000000	1	0
chr15	17034701	17034702	0.000000	0	1
chr15	17036048	17036049	100.000000	1	0
chr15	17037796	17037797	100.000000	1	0
chr15	17037803	17037804	100.000000	1	0
chr15	17037911	17037912	100.000000	1	0
chr15	17038215	17038216	0.000000	0	1
chr15	17044013	17044014	0.000000	0	1
chr15	17047040	17047041	100.000000	1	0
chr15	17048325	17048326	50.000000	1	1
chr15	17048346	17048347	50.000000	1	1
chr15	17048360	17048361	100.000000	2	0
chr15	17048918	17048919	0.000000	0	1
chr15	17048958	17048959	0.000000	0	1
chr15	17049572	17049573	100.000000	2	0
chr15	17053715	17053716	0.000000	0	1
chr15	17053731	17053732	0.000000	0	1
chr15	17057352	17057353	100.000000	1	0
chr15	17058216	17058217	0.000000	0	1
chr15	17060507	17060508	0.000000	0	1
chr15	17061609	17061610	0.000000	0	1
chr15	17064857	17064858	100.000000	1	0
chr15	17065541	17065542	0.000000	0	3
chr15	17067893	17067894	0.000000	0	1
chr15	17067897	17067898	100.000000	1	0
chr15	17068230	17068231	100.000000	1	0
chr15	17068964	17068965	100.000000	1	0
chr15	17069022	17069023	100.000000	1	0
chr15	17069070	17069071	100.000000	1	0
chr15	17069181	17069182	100.000000	1	0
chr15	17069953	17069954	0.000000	0	1
chr15	17073543	17073544	0.000000	0	1
chr15	17074366	17074367	100.000000	1	0
chr15	17076092	17076093	100.000000	1	0
chr15	17076094	17076095	100.000000	1	0
chr15	17077128	17077129	100.000000	1	0
chr15	17077143	17077144	100.000000	1	0
chr15	17079430	17079431	33.333333	1	2
chr15	17079554	17079555	50.000000	1	1
chr15	17080524	17080525	100.000000	1	0
chr15	17080634	17080635	0.000000	0	1
chr15	17080781	17080782	50.000000	1	1
chr15	17080949	17080950	100.000000	3	0
chr15	17081264	17081265	100.000000	2	0
chr15	17081349	17081350	100.000000	1	0
chr15	17081469	17081470	50.000000	1	1
chr15	17081734	17081735	100.000000	1	0
chr15	17081789	17081790	100.000000	1	0
chr15	17082738	17082739	50.000000	1	1
chr15	17082753	17082754	66.666667	2	1
chr15	17082813	17082814	100.000000	2	0
chr15	17082858	17082859	33.333333	1	2
chr15	17082983	17082984	0.000000	0	1
chr15	17083068	17083069	100.000000	1	0
chr15	17083148	17083149	100.000000	2	0
chr15	17083273	17083274	100.000000	2	0
chr15	17083288	17083289	50.000000	1	1
chr15	17094006	17094007	100.000000	1	0
chr15	17103506	17103507	0.000000	0	1
chr15	17127090	17127091	0.000000	0	1
chr15	17127256	17127257	0.000000	0	1
chr15	17135126	17135127	100.000000	1	0
chr15	17143292	17143293	100.000000	1	0
chr15	17143311	17143312	100.000000	1	0
chr15	17143356	17143357	100.000000	1	0
chr15	17168594	17168595	0.000000	0	1
chr15	17177414	17177415	0.000000	0	1
chr15	17185083	17185084	100.000000	1	0
chr15	17221492	17221493	100.000000	1	0
chr15	17246465	17246466	100.000000	1	0
chr15	17246484	17246485	100.000000	1	0
chr15	17246529	17246530	100.000000	1	0
chr15	17286903	17286904	0.000000	0	1
chr15	17288785	17288786	100.000000	1	0
chr15	17288813	17288814	100.000000	1	0
chr15	17288847	17288848	100.000000	1	0
chr15	17335025	17335026	100.000000	1	0
chr15	17357822	17357823	100.000000	1	0
chr15	17357841	17357842	100.000000	1	0
chr15	17357886	17357887	100.000000	1	0
chr15	17362393	17362394	0.000000	0	1
chr15	17393002	17393003	0.000000	0	1
chr15	17393097	17393098	0.000000	0	1
chr15	17398631	17398632	100.000000	1	0
chr15	17410281	17410282	100.000000	1	0
chr15	17410335	17410336	0.000000	0	1
chr15	17410544	17410545	0.000000	0	1
chr15	17410587	17410588	100.000000	1	0
chr15	17410631	17410632	100.000000	1	0
chr15	17439590	17439591	100.000000	3	0
chr15	17447089	17447090	100.000000	1	0
chr15	17458416	17458417	0.000000	0	1
chr15	17459097	17459098	0.000000	0	1
chr15	17476131	17476132	85.714286	6	1
chr15	17485692	17485693	0.000000	0	1
chr15	17488932	17488933	0.000000	0	1
chr15	17489787	17489788	0.000000	0	1
chr15	17489996	17489997	100.000000	1	0
chr15	17494350	17494351	66.666667	2	1
chr15	17506626	17506627	100.000000	1	0
chr15	17582315	17582316	100.000000	1	0
chr15	17664932	17664933	100.000000	1	0
chr15	17671885	17671886	100.000000	1	0
chr15	17692205	17692206	0.000000	0	1
chr15	17735823	17735824	100.000000	1	0
chr15	17735838	17735839	100.000000	1	0
chr15	17735848	17735849	100.000000	1	0
chr15	17735894	17735895	0.000000	0	1
chr15	17736103	17736104	100.000000	1	0
chr15	17775920	17775921	100.000000	1	0
chr15	17776043	17776044	0.000000	0	1
chr15	17835443	17835444	0.000000	0	1
chr15	17835530	17835531	100.000000	1	0
chr15	17858749	17858750	0.000000	0	1
chr15	17858782	17858783	0.000000	0	1
chr15	17860953	17860954	100.000000	1	0
chr15	17929475	17929476	0.000000	0	1
chr15	17984844	17984845	0.000000	0	1
chr15	18119137	18119138	100.000000	1	0
chr15	18119255	18119256	50.000000	1	1
chr15	18144947	18144948	100.000000	1	0
chr15	18177670	18177671	100.000000	1	0
chr15	18225751	18225752	100.000000	1	0
chr15	18225803	18225804	100.000000	1	0
chr15	18256486	18256487	50.000000	1	1
chr15	18256538	18256539	50.000000	1	1
chr15	18256564	18256565	100.000000	2	0
chr15	18342833	18342834	0.000000	0	1
chr15	18342904	18342905	0.000000	0	1
chr15	18368264	18368265	0.000000	0	1
chr15	18368321	18368322	0.000000	0	1
chr15	18368370	18368371	100.000000	1	0
chr15	18368379	18368380	100.000000	1	0
chr15	18372249	18372250	100.000000	1	0
chr15	18372270	18372271	100.000000	1	0
chr15	18372274	18372275	100.000000	1	0
chr15	18381276	18381277	100.000000	1	0
chr15	18381297	18381298	100.000000	1	0
chr15	18381301	18381302	100.000000	1	0
chr15	18413022	18413023	100.000000	1	0
chr15	18413031	18413032	100.000000	1	0
chr15	18413364	18413365	0.000000	0	1
chr15	18413373	18413374	0.000000	0	1
chr15	18422279	18422280	100.000000	1	0
chr15	18422393	18422394	100.000000	1	0
chr15	18422402	18422403	100.000000	1	0
chr15	18422411	18422412	100.000000	1	0
chr15	18422438	18422439	100.000000	1	0
chr15	18422450	18422451	100.000000	1	0
chr15	18422500	18422501	100.000000	1	0
chr15	18426419	18426420	0.000000	0	1
chr15	18426474	18426475	0.000000	0	1
chr15	18426478	18426479	100.000000	1	0
chr15	18428623	18428624	0.000000	0	1
chr15	18428654	18428655	0.000000	0	1
chr15	18429888	18429889	100.000000	1	0
chr15	18432623	18432624	100.000000	1	0
chr15	18432632	18432633	100.000000	1	0
chr15	18432641	18432642	100.000000	1	0
chr15	18432668	18432669	100.000000	1	0
chr15	18432730	18432731	100.000000	1	0
chr15	18445762	18445763	100.000000	1	0
chr15	18445771	18445772	100.000000	1	0
chr15	18445919	18445920	100.000000	1	0
chr15	18461446	18461447	100.000000	1	0
chr15	18461455	18461456	100.000000	1	0
chr15	18468084	18468085	100.000000	1	0
chr15	18468102	18468103	100.000000	1	0
chr15	18468111	18468112	100.000000	1	0
chr15	18468230	18468231	0.000000	0	1
chr15	18473761	18473762	100.000000	1	0
chr15	18473773	18473774	100.000000	1	0
chr15	18473887	18473888	100.000000	1	0
chr15	18473896	18473897	100.000000	1	0
chr15	18473905	18473906	100.000000	1	0
chr15	18473932	18473933	100.000000	1	0
chr15	18493370	18493371	100.000000	1	0
chr15	18493382	18493383	100.000000	1	0
chr15	18493541	18493542	100.000000	1	0
chr15	18493553	18493554	100.000000	1	0
chr15	18493603	18493604	0.000000	0	1
chr15	18493658	18493659	100.000000	1	0
chr15	18493662	18493663	100.000000	1	0
chr15	18497619	18497620	0.000000	0	1
chr15	18499945	18499946	0.000000	0	1
chr15	18499966	18499967	100.000000	1	0
chr15	18499970	18499971	0.000000	0	1
chr15	18511720	18511721	100.000000	1	0
chr15	18534730	18534731	0.000000	0	1
chr15	18534744	18534745	0.000000	0	1
chr15	18572925	18572926	100.000000	1	0
chr15	18572937	18572938	100.000000	1	0
chr15	18573051	18573052	100.000000	1	0
chr15	18573060	18573061	100.000000	1	0
chr15	18573069	18573070	100.000000	1	0
chr15	18573096	18573097	100.000000	1	0
chr15	18573108	18573109	100.000000	1	0
chr15	18589067	18589068	100.000000	1	0
chr15	18589076	18589077	0.000000	0	1
chr15	18593315	18593316	100.000000	1	0
chr15	18593379	18593380	0.000000	0	1
chr15	18600287	18600288	100.000000	1	0
chr15	18600308	18600309	100.000000	1	0
chr15	18600312	18600313	100.000000	1	0
chr15	18618284	18618285	100.000000	1	0
chr15	18618341	18618342	0.000000	0	1
chr15	18618372	18618373	100.000000	1	0
chr15	18618518	18618519	0.000000	0	1
chr15	18618539	18618540	0.000000	0	1
chr15	18618543	18618544	0.000000	0	1
chr15	18620946	18620947	100.000000	1	0
chr15	18620955	18620956	100.000000	1	0
chr15	18621441	18621442	100.000000	1	0
chr15	18621455	18621456	100.000000	1	0
chr15	18621520	18621521	100.000000	1	0
chr15	18621635	18621636	100.000000	1	0
chr15	18625275	18625276	100.000000	1	0
chr15	18625332	18625333	0.000000	0	1
chr15	18625363	18625364	100.000000	1	0
chr15	18625509	18625510	0.000000	0	1
chr15	18625530	18625531	0.000000	0	1
chr15	18625534	18625535	0.000000	0	1
chr15	18636424	18636425	100.000000	1	0
chr15	18636445	18636446	100.000000	1	0
chr15	18636449	18636450	100.000000	1	0
chr15	18645503	18645504	100.000000	1	0
chr15	18645512	18645513	100.000000	1	0
chr15	18645614	18645615	0.000000	0	1
chr15	18669143	18669144	100.000000	2	0
chr15	18669174	18669175	100.000000	2	0
chr15	18669192	18669193	100.000000	2	0
chr15	18669201	18669202	100.000000	2	0
chr15	18686244	18686245	100.000000	1	0
chr15	18686253	18686254	100.000000	1	0
chr15	18703449	18703450	0.000000	0	1
chr15	18703485	18703486	0.000000	0	1
chr15	18705515	18705516	100.000000	1	0
chr15	18705524	18705525	100.000000	1	0
chr15	18723411	18723412	100.000000	1	0
chr15	18723461	18723462	100.000000	2	0
chr15	18723473	18723474	100.000000	2	0
chr15	18723587	18723588	0.000000	0	1
chr15	18723596	18723597	0.000000	0	1
chr15	18723605	18723606	0.000000	0	1
chr15	18750201	18750202	0.000000	0	1
chr15	18753996	18753997	100.000000	1	0
chr15	18754053	18754054	0.000000	0	1
chr15	18754102	18754103	100.000000	1	0
chr15	18754111	18754112	100.000000	1	0
chr15	18754782	18754783	100.000000	1	0
chr15	18754791	18754792	100.000000	1	0
chr15	18797974	18797975	0.000000	0	1
chr15	18798063	18798064	0.000000	0	1
chr15	18799959	18799960	0.000000	0	1
chr15	18799968	18799969	0.000000	0	1
chr15	18828241	18828242	100.000000	1	0
chr15	18828250	18828251	100.000000	1	0
chr15	18828277	18828278	100.000000	1	0
chr15	18828339	18828340	0.000000	0	1
chr15	18841498	18841499	0.000000	0	1
chr15	18841523	18841524	100.000000	1	0
chr15	18873475	18873476	0.000000	0	1
chr15	18873563	18873564	50.000000	1	1
chr15	18873590	18873591	100.000000	3	0
chr15	18873730	18873731	100.000000	1	0
chr15	18873734	18873735	100.000000	1	0
chr15	18888738	18888739	100.000000	1	0
chr15	18888753	18888754	100.000000	1	0
chr15	18888923	18888924	100.000000	1	0
chr15	18888932	18888933	100.000000	1	0
chr15	18912156	18912157	100.000000	1	0
chr15	18912262	18912263	100.000000	1	0
chr15	18912271	18912272	100.000000	1	0
chr15	18919203	18919204	100.000000	1	0
chr15	18919234	18919235	100.000000	1	0
chr15	18919252	18919253	100.000000	1	0
chr15	18919261	18919262	100.000000	1	0
chr15	18938495	18938496	100.000000	1	0
chr15	18938513	18938514	100.000000	1	0
chr15	18938522	18938523	100.000000	1	0
chr15	18938662	18938663	0.000000	0	1
chr15	18938666	18938667	100.000000	1	0
chr15	18949101	18949102	100.000000	1	0
chr15	18949113	18949114	100.000000	1	0
chr15	18980143	18980144	100.000000	2	0
chr15	18989179	18989180	50.000000	1	1
chr15	18989267	18989268	66.666667	2	1
chr15	18989285	18989286	100.000000	2	0
chr15	18989288	18989289	0.000000	0	2
chr15	18989294	18989295	100.000000	1	0
chr15	19003421	19003422	0.000000	0	1
chr15	19003496	19003497	0.000000	0	1
chr15	19015855	19015856	100.000000	1	0
chr15	19015865	19015866	0.000000	0	1
chr15	19034162	19034163	100.000000	1	0
chr15	19034219	19034220	100.000000	1	0
chr15	19034268	19034269	100.000000	2	0
chr15	19034277	19034278	100.000000	2	0
chr15	19039027	19039028	100.000000	1	0
chr15	19039077	19039078	100.000000	3	0
chr15	19039089	19039090	100.000000	3	0
chr15	19039203	19039204	100.000000	1	0
chr15	19039212	19039213	50.000000	1	1
chr15	19039221	19039222	50.000000	1	1
chr15	19039248	19039249	100.000000	1	0
chr15	19039310	19039311	0.000000	0	1
chr15	19043310	19043311	100.000000	1	0
chr15	19043456	19043457	100.000000	5	0
chr15	19043458	19043459	100.000000	5	0
chr15	19044656	19044657	100.000000	1	0
chr15	19049676	19049677	0.000000	0	1
chr15	19049733	19049734	100.000000	1	0
chr15	19049764	19049765	100.000000	1	0
chr15	19049782	19049783	100.000000	1	0
chr15	19049791	19049792	100.000000	1	0
chr15	19077021	19077022	0.000000	0	1
chr15	19077042	19077043	100.000000	1	0
chr15	19077046	19077047	100.000000	1	0
chr15	19081870	19081871	0.000000	0	1
chr15	19081882	19081883	100.000000	1	0
chr15	19085740	19085741	100.000000	1	0
chr15	19085758	19085759	100.000000	2	0
chr15	19085767	19085768	100.000000	2	0
chr15	19085886	19085887	50.000000	1	1
chr15	19085907	19085908	100.000000	2	0
chr15	19085911	19085912	50.000000	1	1
chr15	19097766	19097767	0.000000	0	1
chr15	19097854	19097855	100.000000	1	0
chr15	19097872	19097873	100.000000	1	0
chr15	19097881	19097882	100.000000	1	0
chr15	19102197	19102198	0.000000	0	1
chr15	19102254	19102255	100.000000	1	0
chr15	19102285	19102286	0.000000	0	1
chr15	19102303	19102304	100.000000	1	0
chr15	19102312	19102313	100.000000	1	0
chr15	19105690	19105691	0.000000	0	1
chr15	19115725	19115726	100.000000	1	0
chr15	19115729	19115730	100.000000	1	0
chr15	19118026	19118027	100.000000	1	0
chr15	19118114	19118115	100.000000	1	0
chr15	19118281	19118282	100.000000	1	0
chr15	19118285	19118286	100.000000	1	0
chr15	19124424	19124425	100.000000	1	0
chr15	19124442	19124443	100.000000	1	0
chr15	19124451	19124452	100.000000	1	0
chr15	19124591	19124592	100.000000	1	0
chr15	19124595	19124596	100.000000	1	0
chr15	19134910	19134911	100.000000	1	0
chr15	19134998	19134999	100.000000	1	0
chr15	19135144	19135145	100.000000	1	0
chr15	19135165	19135166	100.000000	1	0
chr15	19141959	19141960	0.000000	0	1
chr15	19141990	19141991	0.000000	0	1
chr15	19142008	19142009	0.000000	0	1
chr15	19142017	19142018	0.000000	0	1
chr15	19165994	19165995	0.000000	0	1
chr15	19166036	19166037	100.000000	1	0
chr15	19169791	19169792	100.000000	1	0
chr15	19169805	19169806	100.000000	1	0
chr15	19169870	19169871	100.000000	1	0
chr15	19177629	19177630	100.000000	1	0
chr15	19177647	19177648	100.000000	1	0
chr15	19177656	19177657	100.000000	1	0
chr15	19177685	19177686	0.000000	0	1
chr15	19210027	19210028	100.000000	1	0
chr15	19210036	19210037	100.000000	1	0
chr15	19215039	19215040	100.000000	1	0
chr15	19215096	19215097	100.000000	1	0
chr15	19215145	19215146	0.000000	0	1
chr15	19215154	19215155	0.000000	0	1
chr15	19221090	19221091	0.000000	0	1
chr15	19221094	19221095	0.000000	0	1
chr15	19233872	19233873	100.000000	1	0
chr15	19233881	19233882	0.000000	0	1
chr15	19233890	19233891	100.000000	1	0
chr15	19233917	19233918	100.000000	1	0
chr15	19233979	19233980	100.000000	1	0
chr15	19250749	19250750	0.000000	0	1
chr15	19250758	19250759	0.000000	0	1
chr15	19256495	19256496	100.000000	2	0
chr15	19256516	19256517	100.000000	2	0
chr15	19256520	19256521	100.000000	2	0
chr15	19284293	19284294	100.000000	1	0
chr15	19284343	19284344	100.000000	1	0
chr15	19284355	19284356	100.000000	1	0
chr15	19284469	19284470	0.000000	0	1
chr15	19284478	19284479	100.000000	1	0
chr15	19284487	19284488	100.000000	1	0
chr15	19294502	19294503	100.000000	1	0
chr15	19294506	19294507	100.000000	1	0
chr15	19312685	19312686	100.000000	1	0
chr15	19312706	19312707	100.000000	1	0
chr15	19312710	19312711	100.000000	1	0
chr15	19315659	19315660	100.000000	3	0
chr15	19315671	19315672	100.000000	3	0
chr15	19315785	19315786	100.000000	1	0
chr15	19315794	19315795	100.000000	1	0
chr15	19315803	19315804	100.000000	1	0
chr15	19330364	19330365	100.000000	1	0
chr15	19330419	19330420	100.000000	1	0
chr15	19330423	19330424	100.000000	1	0
chr15	19331354	19331355	100.000000	1	0
chr15	19331411	19331412	0.000000	0	1
chr15	19331442	19331443	100.000000	1	0
chr15	19331460	19331461	100.000000	1	0
chr15	19331588	19331589	0.000000	0	1
chr15	19331609	19331610	0.000000	0	1
chr15	19331613	19331614	0.000000	0	1
chr15	19332996	19332997	100.000000	1	0
chr15	19333005	19333006	100.000000	1	0
chr15	19334167	19334168	100.000000	3	0
chr15	19334171	19334172	100.000000	3	0
chr15	19338851	19338852	100.000000	1	0
chr15	19338908	19338909	100.000000	1	0
chr15	19338939	19338940	100.000000	1	0
chr15	19338957	19338958	100.000000	1	0
chr15	19338966	19338967	100.000000	1	0
chr15	19340182	19340183	100.000000	2	0
chr15	19340194	19340195	100.000000	2	0
chr15	19340308	19340309	50.000000	1	1
chr15	19340317	19340318	0.000000	0	1
chr15	19340326	19340327	0.000000	0	1
chr15	19345482	19345483	100.000000	1	0
chr15	19345605	19345606	0.000000	0	1
chr15	19345614	19345615	0.000000	0	1
chr15	19352583	19352584	100.000000	1	0
chr15	19352587	19352588	100.000000	1	0
chr15	19381225	19381226	100.000000	1	0
chr15	19381275	19381276	100.000000	1	0
chr15	19381287	19381288	100.000000	1	0
chr15	19384305	19384306	50.000000	1	1
chr15	19384314	19384315	50.000000	1	1
chr15	19414495	19414496	100.000000	1	0
chr15	19414504	19414505	100.000000	1	0
chr15	19414652	19414653	50.000000	1	1
chr15	19435708	19435709	100.000000	1	0
chr15	19435765	19435766	0.000000	0	1
chr15	19435796	19435797	100.000000	1	0
chr15	19435814	19435815	100.000000	1	0
chr15	19435942	19435943	0.000000	0	1
chr15	19435963	19435964	0.000000	0	1
chr15	19435967	19435968	0.000000	0	1
chr15	19439910	19439911	0.000000	0	1
chr15	19451152	19451153	100.000000	1	0
chr15	19453791	19453792	0.000000	0	3
chr15	19458323	19458324	100.000000	1	0
chr15	19458332	19458333	100.000000	1	0
chr15	19464957	19464958	100.000000	1	0
chr15	19464975	19464976	0.000000	0	1
chr15	19464984	19464985	0.000000	0	1
chr15	19470635	19470636	0.000000	0	1
chr15	19470647	19470648	100.000000	1	0
chr15	19470805	19470806	100.000000	1	0
chr15	19470817	19470818	0.000000	0	1
chr15	19470867	19470868	100.000000	1	0
chr15	19470922	19470923	100.000000	1	0
chr15	19470926	19470927	100.000000	1	0
chr15	19481158	19481159	100.000000	1	0
chr15	19491731	19491732	33.333333	1	2
chr15	19491749	19491750	66.666667	2	1
chr15	19491758	19491759	66.666667	2	1
chr15	19495450	19495451	0.000000	0	1
chr15	19495483	19495484	100.000000	1	0
chr15	19497207	19497208	0.000000	0	1
chr15	19497216	19497217	0.000000	0	1
chr15	19497318	19497319	0.000000	0	1
chr15	19506828	19506829	100.000000	1	0
chr15	19508469	19508470	100.000000	1	0
chr15	19508478	19508479	100.000000	1	0
chr15	19513741	19513742	100.000000	2	0
chr15	19515563	19515564	0.000000	0	1
chr15	19515618	19515619	100.000000	1	0
chr15	19515668	19515669	100.000000	1	0
chr15	19515680	19515681	100.000000	1	0
chr15	19521087	19521088	100.000000	1	0
chr15	19521096	19521097	100.000000	1	0
chr15	19521120	19521121	0.000000	0	1
chr15	19521244	19521245	100.000000	1	0
chr15	19523979	19523980	100.000000	1	0
chr15	19523988	19523989	100.000000	1	0
chr15	19523997	19523998	100.000000	1	0
chr15	19544763	19544764	100.000000	1	0
chr15	19544781	19544782	100.000000	1	0
chr15	19544790	19544791	100.000000	1	0
chr15	19550182	19550183	0.000000	0	1
chr15	19563704	19563705	100.000000	1	0
chr15	19563713	19563714	100.000000	1	0
chr15	19563801	19563802	100.000000	1	0
chr15	19564046	19564047	100.000000	1	0
chr15	19564055	19564056	100.000000	1	0
chr15	19564195	19564196	100.000000	1	0
chr15	19564199	19564200	100.000000	1	0
chr15	19564228	19564229	100.000000	1	0
chr15	19592498	19592499	100.000000	1	0
chr15	19592548	19592549	100.000000	1	0
chr15	19592560	19592561	100.000000	1	0
chr15	19601948	19601949	100.000000	1	0
chr15	19602004	19602005	100.000000	1	0
chr15	19602035	19602036	100.000000	1	0
chr15	19626411	19626412	100.000000	1	0
chr15	19626420	19626421	0.000000	0	1
chr15	19626568	19626569	100.000000	2	0
chr15	19635600	19635601	50.000000	1	1
chr15	19635618	19635619	50.000000	1	1
chr15	19635627	19635628	50.000000	1	1
chr15	19635656	19635657	0.000000	0	3
chr15	19637240	19637241	0.000000	0	1
chr15	19637434	19637435	100.000000	1	0
chr15	19637476	19637477	0.000000	0	1
chr15	19642997	19642998	100.000000	1	0
chr15	19643085	19643086	100.000000	1	0
chr15	19643231	19643232	100.000000	1	0
chr15	19643252	19643253	100.000000	1	0
chr15	19646151	19646152	0.000000	0	1
chr15	19646169	19646170	100.000000	1	0
chr15	19646178	19646179	100.000000	1	0
chr15	19660960	19660961	100.000000	1	0
chr15	19660964	19660965	100.000000	1	0
chr15	19672625	19672626	100.000000	1	0
chr15	19672713	19672714	100.000000	1	0
chr15	19672859	19672860	100.000000	1	0
chr15	19672880	19672881	100.000000	1	0
chr15	19681005	19681006	100.000000	1	0
chr15	19681060	19681061	50.000000	1	1
chr15	19681064	19681065	100.000000	2	0
chr15	19685494	19685495	100.000000	1	0
chr15	19694540	19694541	100.000000	1	0
chr15	19694549	19694550	100.000000	1	0
chr15	19694651	19694652	0.000000	0	1
chr15	19694662	19694663	0.000000	0	1
chr15	19724771	19724772	0.000000	0	1
chr15	19724858	19724859	0.000000	0	1
chr15	19778595	19778596	100.000000	1	0
chr15	19778604	19778605	100.000000	1	0
chr15	19778622	19778623	100.000000	1	0
chr15	19778710	19778711	0.000000	0	1
chr15	19779924	19779925	0.000000	0	1
chr15	19779936	19779937	0.000000	0	1
chr15	19785382	19785383	100.000000	1	0
chr15	19785914	19785915	100.000000	1	0
chr15	19785941	19785942	100.000000	1	0
chr15	19785970	19785971	0.000000	0	1
chr15	19786255	19786256	100.000000	1	0
chr15	19786264	19786265	100.000000	1	0
chr15	19786768	19786769	100.000000	1	0
chr15	19786777	19786778	100.000000	1	0
chr15	19788157	19788158	100.000000	1	0
chr15	19788274	19788275	100.000000	1	0
chr15	19790516	19790517	100.000000	1	0
chr15	19790524	19790525	100.000000	1	0
chr15	19791182	19791183	100.000000	1	0
chr15	19791281	19791282	0.000000	0	1
chr15	19792114	19792115	100.000000	1	0
chr15	19794098	19794099	100.000000	1	0
chr15	19796917	19796918	50.000000	1	1
chr15	19797501	19797502	100.000000	1	0
chr15	19797509	19797510	100.000000	1	0
chr15	19797870	19797871	100.000000	1	0
chr15	19798339	19798340	0.000000	0	1
chr15	19798348	19798349	100.000000	1	0
chr15	19802974	19802975	100.000000	1	0
chr15	19802989	19802990	100.000000	1	0
chr15	19803476	19803477	100.000000	2	0
chr15	19803480	19803481	100.000000	2	0
chr15	19804026	19804027	50.000000	1	1
chr15	19804062	19804063	0.000000	0	2
chr15	19804593	19804594	0.000000	0	1
chr15	19805094	19805095	0.000000	0	1
chr15	19805179	19805180	100.000000	1	0
chr15	19805261	19805262	0.000000	0	1
chr15	19805350	19805351	100.000000	1	0
chr15	19806205	19806206	100.000000	1	0
chr15	19806363	19806364	100.000000	1	0
chr15	19806386	19806387	33.333333	1	2
chr15	19806469	19806470	0.000000	0	1
chr15	19806472	19806473	100.000000	1	0
chr15	19807886	19807887	100.000000	2	0
chr15	19808227	19808228	100.000000	1	0
chr15	19811606	19811607	0.000000	0	1
chr15	19812200	19812201	0.000000	0	1
chr15	19812883	19812884	100.000000	1	0
chr15	19813907	19813908	0.000000	0	1
chr15	19814761	19814762	0.000000	0	1
chr15	19819972	19819973	50.000000	1	1
chr15	19820558	19820559	100.000000	1	0
chr15	19820565	19820566	100.000000	1	0
chr15	19828285	19828286	0.000000	0	1
chr15	19828389	19828390	100.000000	1	0
chr15	19828686	19828687	100.000000	2	0
chr15	19828750	19828751	100.000000	2	0
chr15	19828886	19828887	100.000000	1	0
chr15	19829085	19829086	100.000000	1	0
chr15	19829213	19829214	100.000000	1	0
chr15	19829527	19829528	100.000000	1	0
chr15	19829540	19829541	100.000000	1	0
chr15	19829584	19829585	100.000000	1	0
chr15	19829589	19829590	100.000000	1	0
chr15	19829624	19829625	100.000000	1	0
chr15	19829668	19829669	100.000000	1	0
chr15	19831447	19831448	0.000000	0	1
chr15	19832947	19832948	0.000000	0	1
chr15	19833746	19833747	100.000000	1	0
chr15	19838211	19838212	100.000000	1	0
chr15	19838276	19838277	0.000000	0	1
chr15	19838858	19838859	0.000000	0	2
chr15	19838891	19838892	50.000000	1	1
chr15	19838900	19838901	100.000000	2	0
chr15	19838948	19838949	0.000000	0	1
chr15	19840577	19840578	100.000000	1	0
chr15	19840607	19840608	0.000000	0	1
chr15	19841275	19841276	100.000000	1	0
chr15	19841327	19841328	100.000000	1	0
chr15	19841343	19841344	100.000000	1	0
chr15	19841761	19841762	0.000000	0	1
chr15	19842406	19842407	0.000000	0	1
chr15	19846676	19846677	100.000000	1	0
chr15	19847429	19847430	100.000000	2	0
chr15	19847848	19847849	100.000000	1	0
chr15	19847856	19847857	100.000000	1	0
chr15	19847950	19847951	100.000000	1	0
chr15	19848320	19848321	100.000000	1	0
chr15	19848394	19848395	100.000000	1	0
chr15	19848496	19848497	100.000000	1	0
chr15	19848498	19848499	100.000000	1	0
chr15	19848502	19848503	100.000000	1	0
chr15	19848572	19848573	100.000000	1	0
chr15	19848595	19848596	100.000000	1	0
chr15	19848600	19848601	100.000000	2	0
chr15	19848603	19848604	100.000000	2	0
chr15	19848647	19848648	100.000000	2	0
chr15	19848667	19848668	100.000000	2	0
chr15	19848794	19848795	100.000000	2	0
chr15	19848836	19848837	100.000000	2	0
chr15	19848839	19848840	100.000000	2	0
chr15	19848850	19848851	100.000000	2	0
chr15	19848895	19848896	66.666667	2	1
chr15	19848924	19848925	100.000000	2	0
chr15	19848936	19848937	100.000000	2	0
chr15	19848992	19848993	50.000000	1	1
chr15	19849022	19849023	100.000000	1	0
chr15	19849024	19849025	100.000000	1	0
chr15	19849723	19849724	100.000000	1	0
chr15	19850822	19850823	100.000000	1	0
chr15	19850867	19850868	0.000000	0	1
chr15	19851083	19851084	0.000000	0	1
chr15	19851166	19851167	100.000000	2	0
chr15	19851178	19851179	100.000000	2	0
chr15	19851258	19851259	100.000000	1	0
chr15	19851471	19851472	0.000000	0	1
chr15	19851518	19851519	100.000000	1	0
chr15	19851542	19851543	100.000000	1	0
chr15	19852299	19852300	100.000000	1	0
chr15	19852725	19852726	100.000000	1	0
chr15	19852818	19852819	100.000000	1	0
chr15	19852871	19852872	100.000000	1	0
chr15	19852974	19852975	100.000000	2	0
chr15	19858157	19858158	100.000000	1	0
chr15	19858860	19858861	100.000000	1	0
chr15	19858897	19858898	100.000000	2	0
chr15	19858907	19858908	100.000000	2	0
chr15	19858909	19858910	100.000000	2	0
chr15	19858918	19858919	100.000000	2	0
chr15	19858964	19858965	0.000000	0	2
chr15	19859076	19859077	100.000000	1	0
chr15	19859309	19859310	50.000000	1	1
chr15	19859315	19859316	100.000000	2	0
chr15	19859325	19859326	50.000000	1	1
chr15	19859362	19859363	100.000000	2	0
chr15	19859382	19859383	100.000000	1	0
chr15	19859448	19859449	0.000000	0	1
chr15	19859500	19859501	100.000000	1	0
chr15	19859507	19859508	100.000000	1	0
chr15	19859891	19859892	100.000000	1	0
chr15	19859937	19859938	100.000000	1	0
chr15	19860011	19860012	100.000000	2	0
chr15	19860058	19860059	100.000000	2	0
chr15	19860068	19860069	100.000000	1	0
chr15	19860075	19860076	100.000000	1	0
chr15	19860907	19860908	100.000000	1	0
chr15	19860910	19860911	100.000000	1	0
chr15	19860954	19860955	100.000000	1	0
chr15	19861012	19861013	0.000000	0	1
chr15	19861028	19861029	100.000000	1	0
chr15	19861275	19861276	100.000000	1	0
chr15	19864054	19864055	0.000000	0	1
chr15	19864744	19864745	0.000000	0	1
chr15	19864760	19864761	100.000000	1	0
chr15	19864773	19864774	100.000000	1	0
chr15	19864890	19864891	100.000000	2	0
chr15	19865874	19865875	100.000000	1	0
chr15	19866060	19866061	100.000000	2	0
chr15	19867856	19867857	100.000000	1	0
chr15	19868569	19868570	100.000000	1	0
chr15	19868776	19868777	100.000000	2	0
chr15	19868801	19868802	100.000000	2	0
chr15	19868823	19868824	100.000000	1	0
chr15	19868839	19868840	100.000000	1	0
chr15	19869146	19869147	100.000000	1	0
chr15	19869169	19869170	100.000000	1	0
chr15	19871254	19871255	50.000000	1	1
chr15	19871700	19871701	0.000000	0	1
chr15	19871866	19871867	100.000000	1	0
chr15	19871905	19871906	100.000000	1	0
chr15	19874615	19874616	100.000000	1	0
chr15	19876976	19876977	0.000000	0	1
chr15	19877016	19877017	0.000000	0	1
chr15	19877230	19877231	100.000000	1	0
chr15	19877241	19877242	100.000000	1	0
chr15	19877479	19877480	33.333333	1	2
chr15	19877518	19877519	33.333333	1	2
chr15	19877552	19877553	75.000000	3	1
chr15	19877566	19877567	100.000000	3	0
chr15	19877740	19877741	100.000000	1	0
chr15	19877748	19877749	100.000000	1	0
chr15	19877918	19877919	100.000000	1	0
chr15	19877973	19877974	0.000000	0	1
chr15	19878549	19878550	0.000000	0	1
chr15	19888151	19888152	100.000000	1	0
chr15	19888643	19888644	100.000000	2	0
chr15	19888686	19888687	100.000000	3	0
chr15	19888835	19888836	100.000000	1	0
chr15	19890307	19890308	0.000000	0	1
chr15	19891855	19891856	100.000000	1	0
chr15	19892132	19892133	100.000000	1	0
chr15	19893771	19893772	100.000000	1	0
chr15	19893879	19893880	0.000000	0	1
chr15	19896359	19896360	0.000000	0	1
chr15	19897512	19897513	0.000000	0	1
chr15	19897903	19897904	0.000000	0	1
chr15	19898803	19898804	100.000000	1	0
chr15	19898851	19898852	50.000000	1	1
chr15	19899044	19899045	0.000000	0	1
chr15	19899050	19899051	0.000000	0	1
chr15	19899052	19899053	0.000000	0	1
chr15	19899068	19899069	100.000000	1	0
chr15	19899082	19899083	100.000000	1	0
chr15	19899085	19899086	100.000000	1	0
chr15	19899088	19899089	100.000000	1	0
chr15	19899090	19899091	100.000000	1	0
chr15	19899104	19899105	100.000000	1	0
chr15	19899107	19899108	0.000000	0	1
chr15	19899113	19899114	100.000000	1	0
chr15	19899126	19899127	0.000000	0	1
chr15	19899129	19899130	100.000000	1	0
chr15	19899134	19899135	100.000000	1	0
chr15	19899344	19899345	50.000000	1	1
chr15	19899347	19899348	50.000000	1	1
chr15	19899354	19899355	0.000000	0	2
chr15	19899356	19899357	100.000000	2	0
chr15	19899362	19899363	33.333333	1	2
chr15	19899384	19899385	100.000000	3	0
chr15	19899401	19899402	100.000000	3	0
chr15	19899422	19899423	33.333333	1	2
chr15	19899430	19899431	100.000000	3	0
chr15	19899434	19899435	100.000000	2	0
chr15	19899447	19899448	100.000000	2	0
chr15	19899468	19899469	100.000000	2	0
chr15	19899510	19899511	100.000000	1	0
chr15	19899522	19899523	100.000000	1	0
chr15	19899566	19899567	100.000000	2	0
chr15	19899574	19899575	100.000000	2	0
chr15	19899592	19899593	100.000000	1	0
chr15	19899597	19899598	100.000000	1	0
chr15	19899691	19899692	0.000000	0	1
chr15	19899699	19899700	66.666667	2	1
chr15	19899715	19899716	100.000000	3	0
chr15	19899751	19899752	33.333333	1	2
chr15	19899757	19899758	66.666667	2	1
chr15	19899812	19899813	100.000000	1	0
chr15	19899814	19899815	0.000000	0	1
chr15	19899816	19899817	100.000000	1	0
chr15	19899987	19899988	100.000000	1	0
